    1.22340e+00
    7.47659e-01
    8.28866e-01
   -2.06792e+00
   -2.23107e+00
    9.28416e-01
   -7.69461e-01
    3.33534e+00
    1.91287e+00
   -1.73750e+00
    4.47599e+00
    2.51597e+00
    3.71158e+00
   -3.11202e-01
    1.05361e-01
    7.16557e-01
   -2.10443e+00
    5.41170e-01
    2.49645e-02
   -1.07208e+00
   -4.85651e+00
    1.76375e+00
   -1.95242e+00
    5.80055e-02
   -2.16856e+00
   -4.26754e+00
    6.42346e-01
   -4.02698e+00
   -3.65344e-01
   -2.45689e+00
    5.83965e-01
   -6.79289e-01
