    5.28566e-01
    6.90970e-01
   -1.33312e+00
   -8.05099e-01
    4.29250e-01
   -4.19282e-01
   -5.55077e-01
    8.17340e-01
   -1.22470e+00
   -5.66004e-01
   -4.04501e-01
    2.49269e-01
    1.02595e-01
   -1.68292e-01
    2.20013e+00
   -1.50724e-01
    1.08123e+00
   -1.80925e+00
   -3.95092e-03
    1.08044e+00
    8.59396e-01
    3.01423e-01
    8.82075e-02
   -2.70371e+00
    5.03369e-01
    7.07081e-01
    2.09534e+00
    3.55352e-01
    1.43602e+00
    1.05233e+00
   -4.80995e-01
   -1.00155e+00
