   -1.20000e+00
   -1.50000e+00
   -2.00000e+00
   -2.40000e+00
   -2.80000e+00
   -2.40000e+00
   -2.50000e+00
   -3.00000e+00
   -3.70000e+00
   -4.00000e+00
   -4.10000e+00
   -4.10000e+00
   -4.10000e+00
   -4.00000e+00
   -3.80000e+00
   -3.70000e+00
   -3.40000e+00
   -3.30000e+00
   -3.40000e+00
   -3.50000e+00
   -3.80000e+00
   -4.20000e+00
   -4.50000e+00
   -4.60000e+00
   -4.70000e+00
   -4.80000e+00
   -4.90000e+00
   -5.00000e+00
   -5.00000e+00
   -5.10000e+00
   -5.20000e+00
   -5.30000e+00
   -5.40000e+00
   -5.50000e+00
   -5.60000e+00
   -5.80000e+00
   -2.50000e+00
   -2.40000e+00
   -2.20000e+00
   -2.30000e+00
   -2.20000e+00
   -2.30000e+00
   -2.30000e+00
   -2.30000e+00
   -1.90000e+00
   -1.90000e+00
   -2.20000e+00
   -2.90000e+00
   -3.60000e+00
   -4.10000e+00
   -4.30000e+00
   -4.40000e+00
   -4.40000e+00
   -4.50000e+00
   -4.00000e+00
   -3.60000e+00
   -3.50000e+00
   -3.50000e+00
   -3.40000e+00
   -3.20000e+00
   -3.20000e+00
   -4.00000e+00
   -4.90000e+00
   -5.40000e+00
   -5.60000e+00
   -5.80000e+00
   -5.90000e+00
   -5.90000e+00
   -5.90000e+00
   -5.60000e+00
   -5.40000e+00
   -5.20000e+00
   -1.50000e+00
   -1.50000e+00
   -1.60000e+00
   -1.70000e+00
   -1.70000e+00
   -1.90000e+00
   -2.00000e+00
   -2.50000e+00
   -2.80000e+00
   -3.10000e+00
   -3.20000e+00
   -3.60000e+00
   -3.90000e+00
   -4.10000e+00
   -4.80000e+00
   -5.30000e+00
   -4.90000e+00
   -4.00000e+00
   -3.20000e+00
   -3.10000e+00
   -3.10000e+00
   -3.10000e+00
   -3.10000e+00
   -3.10000e+00
   -3.60000e+00
   -3.90000e+00
   -4.20000e+00
   -4.30000e+00
   -4.40000e+00
   -4.50000e+00
   -4.50000e+00
   -4.50000e+00
   -4.50000e+00
   -4.50000e+00
   -4.50000e+00
   -4.50000e+00
   -1.50000e+00
   -1.70000e+00
   -1.80000e+00
   -2.00000e+00
   -2.30000e+00
   -2.80000e+00
   -3.10000e+00
   -3.40000e+00
   -3.90000e+00
   -4.20000e+00
   -4.40000e+00
   -4.30000e+00
   -4.20000e+00
   -4.00000e+00
   -3.90000e+00
   -3.50000e+00
   -3.10000e+00
   -2.90000e+00
   -2.80000e+00
   -2.80000e+00
   -3.10000e+00
   -3.90000e+00
   -4.50000e+00
   -5.00000e+00
   -5.40000e+00
   -5.60000e+00
   -5.80000e+00
   -5.80000e+00
   -5.90000e+00
   -5.90000e+00
   -5.90000e+00
   -5.80000e+00
   -5.50000e+00
   -5.20000e+00
   -5.00000e+00
   -4.70000e+00
   -2.00000e+00
   -2.10000e+00
   -1.90000e+00
   -2.30000e+00
   -2.10000e+00
   -2.10000e+00
   -2.30000e+00
   -2.30000e+00
   -2.40000e+00
   -2.40000e+00
   -2.60000e+00
   -2.70000e+00
   -3.10000e+00
   -3.30000e+00
   -3.00000e+00
   -3.00000e+00
   -3.30000e+00
   -3.70000e+00
   -3.90000e+00
   -4.00000e+00
   -4.10000e+00
   -3.90000e+00
   -3.90000e+00
   -3.90000e+00
   -4.10000e+00
   -4.30000e+00
   -4.50000e+00
   -4.80000e+00
   -4.90000e+00
   -5.00000e+00
   -5.20000e+00
   -5.20000e+00
   -5.10000e+00
   -5.10000e+00
   -5.00000e+00
   -5.10000e+00
   -1.60000e+00
   -1.60000e+00
   -1.80000e+00
   -1.80000e+00
   -2.00000e+00
   -2.50000e+00
   -2.70000e+00
   -3.10000e+00
   -3.30000e+00
   -3.60000e+00
   -3.80000e+00
   -4.10000e+00
   -4.30000e+00
   -4.20000e+00
   -3.60000e+00
   -3.10000e+00
   -2.60000e+00
   -2.80000e+00
   -3.20000e+00
   -3.90000e+00
   -4.50000e+00
   -5.00000e+00
   -5.30000e+00
   -5.60000e+00
   -5.70000e+00
   -5.90000e+00
   -6.00000e+00
   -5.90000e+00
   -5.90000e+00
   -5.70000e+00
   -5.60000e+00
   -5.30000e+00
   -5.00000e+00
   -4.60000e+00
   -4.60000e+00
   -4.50000e+00
   -2.00000e+00
   -2.20000e+00
   -2.50000e+00
   -2.90000e+00
   -3.20000e+00
   -3.40000e+00
   -3.40000e+00
   -3.60000e+00
   -3.60000e+00
   -3.40000e+00
   -3.40000e+00
   -3.20000e+00
   -3.20000e+00
   -3.20000e+00
   -3.40000e+00
   -3.40000e+00
   -3.50000e+00
   -3.40000e+00
   -3.40000e+00
   -3.80000e+00
   -4.40000e+00
   -5.00000e+00
   -5.60000e+00
   -5.80000e+00
   -5.50000e+00
   -5.20000e+00
   -5.00000e+00
   -4.70000e+00
   -4.60000e+00
   -4.50000e+00
   -4.40000e+00
   -4.40000e+00
   -4.20000e+00
   -4.10000e+00
   -4.20000e+00
   -4.10000e+00
   -2.00000e+00
   -2.30000e+00
   -2.30000e+00
   -2.60000e+00
   -2.90000e+00
   -2.90000e+00
   -2.80000e+00
   -2.40000e+00
   -1.90000e+00
   -2.20000e+00
   -2.50000e+00
   -3.00000e+00
   -3.40000e+00
   -3.90000e+00
   -4.30000e+00
   -4.40000e+00
   -4.20000e+00
   -3.20000e+00
   -3.40000e+00
   -3.70000e+00
   -4.30000e+00
   -4.80000e+00
   -5.10000e+00
   -5.50000e+00
   -5.80000e+00
   -6.00000e+00
   -6.20000e+00
   -6.00000e+00
   -5.80000e+00
   -5.30000e+00
   -5.00000e+00
   -4.90000e+00
   -4.90000e+00
   -5.00000e+00
   -5.00000e+00
   -5.00000e+00
   -1.50000e+00
   -1.60000e+00
   -1.80000e+00
   -2.00000e+00
   -2.40000e+00
   -2.70000e+00
   -2.90000e+00
   -3.20000e+00
   -3.40000e+00
   -3.90000e+00
   -4.00000e+00
   -3.60000e+00
   -2.50000e+00
   -2.60000e+00
   -3.00000e+00
   -3.50000e+00
   -4.00000e+00
   -4.30000e+00
   -4.60000e+00
   -4.90000e+00
   -5.30000e+00
   -5.30000e+00
   -5.50000e+00
   -5.50000e+00
   -5.70000e+00
   -5.70000e+00
   -5.50000e+00
   -5.30000e+00
   -5.10000e+00
   -4.90000e+00
   -4.50000e+00
   -4.30000e+00
   -4.10000e+00
   -4.30000e+00
   -4.50000e+00
   -4.70000e+00
   -2.50000e+00
   -1.90000e+00
   -2.00000e+00
   -2.20000e+00
   -2.20000e+00
   -2.30000e+00
   -2.40000e+00
   -2.50000e+00
   -2.40000e+00
   -2.40000e+00
   -2.50000e+00
   -2.70000e+00
   -2.50000e+00
   -3.20000e+00
   -4.00000e+00
   -4.40000e+00
   -4.60000e+00
   -5.00000e+00
   -5.10000e+00
   -4.90000e+00
   -4.30000e+00
   -3.60000e+00
   -3.20000e+00
   -3.50000e+00
   -3.70000e+00
   -4.00000e+00
   -4.40000e+00
   -4.70000e+00
   -4.90000e+00
   -5.20000e+00
   -5.40000e+00
   -5.40000e+00
   -5.30000e+00
   -5.20000e+00
   -5.10000e+00
   -5.00000e+00
   -2.40000e+00
   -1.40000e+00
   -1.50000e+00
   -1.50000e+00
   -1.50000e+00
   -1.70000e+00
   -1.80000e+00
   -1.90000e+00
   -2.10000e+00
   -2.20000e+00
   -2.30000e+00
   -2.70000e+00
   -2.90000e+00
   -3.10000e+00
   -3.40000e+00
   -3.60000e+00
   -4.10000e+00
   -4.20000e+00
   -4.20000e+00
   -4.20000e+00
   -4.30000e+00
   -4.30000e+00
   -4.20000e+00
   -3.90000e+00
   -3.70000e+00
   -3.70000e+00
   -3.70000e+00
   -4.20000e+00
   -4.40000e+00
   -4.70000e+00
   -5.20000e+00
   -5.40000e+00
   -5.60000e+00
   -5.70000e+00
   -5.80000e+00
   -5.80000e+00
   -1.90000e+00
   -2.30000e+00
   -2.50000e+00
   -2.50000e+00
   -2.70000e+00
   -2.60000e+00
   -2.60000e+00
   -2.70000e+00
   -2.70000e+00
   -2.70000e+00
   -2.70000e+00
   -2.90000e+00
   -2.90000e+00
   -3.30000e+00
   -4.00000e+00
   -4.60000e+00
   -4.80000e+00
   -4.90000e+00
   -4.90000e+00
   -4.80000e+00
   -4.70000e+00
   -4.50000e+00
   -4.30000e+00
   -4.30000e+00
   -4.10000e+00
   -4.00000e+00
   -3.70000e+00
   -3.90000e+00
   -4.50000e+00
   -4.90000e+00
   -5.50000e+00
   -5.70000e+00
   -5.90000e+00
   -6.10000e+00
   -6.10000e+00
   -6.10000e+00
   -1.20000e+00
   -1.50000e+00
   -1.60000e+00
   -1.80000e+00
   -2.20000e+00
   -2.60000e+00
   -2.90000e+00
   -3.00000e+00
   -3.10000e+00
   -3.00000e+00
   -2.90000e+00
   -2.60000e+00
   -2.80000e+00
   -2.90000e+00
   -3.30000e+00
   -4.20000e+00
   -4.70000e+00
   -5.10000e+00
   -5.20000e+00
   -5.30000e+00
   -5.30000e+00
   -5.30000e+00
   -5.20000e+00
   -5.00000e+00
   -4.70000e+00
   -4.20000e+00
   -3.70000e+00
   -3.40000e+00
   -3.90000e+00
   -4.60000e+00
   -5.10000e+00
   -5.70000e+00
   -6.20000e+00
   -6.40000e+00
   -6.50000e+00
   -6.60000e+00
   -8.00000e-01
   -1.10000e+00
   -1.30000e+00
   -1.50000e+00
   -2.10000e+00
   -2.50000e+00
   -2.90000e+00
   -3.30000e+00
   -3.50000e+00
   -3.40000e+00
   -3.10000e+00
   -2.20000e+00
   -2.10000e+00
   -2.20000e+00
   -2.70000e+00
   -3.10000e+00
   -3.50000e+00
   -4.10000e+00
   -4.40000e+00
   -4.90000e+00
   -5.30000e+00
   -5.70000e+00
   -5.90000e+00
   -6.10000e+00
   -6.00000e+00
   -5.70000e+00
   -5.10000e+00
   -4.60000e+00
   -4.20000e+00
   -3.90000e+00
   -3.70000e+00
   -3.70000e+00
   -4.30000e+00
   -4.80000e+00
   -5.50000e+00
   -5.90000e+00
   -2.60000e+00
   -2.50000e+00
   -2.50000e+00
   -2.30000e+00
   -2.00000e+00
   -1.90000e+00
   -1.90000e+00
   -2.00000e+00
   -2.10000e+00
   -2.10000e+00
   -2.30000e+00
   -3.10000e+00
   -4.00000e+00
   -4.30000e+00
   -4.30000e+00
   -4.20000e+00
   -3.70000e+00
   -3.00000e+00
   -2.80000e+00
   -3.10000e+00
   -3.70000e+00
   -4.30000e+00
   -4.90000e+00
   -5.20000e+00
   -5.40000e+00
   -5.50000e+00
   -5.50000e+00
   -5.60000e+00
   -5.70000e+00
   -5.70000e+00
   -5.80000e+00
   -5.80000e+00
   -5.80000e+00
   -5.70000e+00
   -5.60000e+00
   -5.30000e+00
   -1.90000e+00
   -2.60000e+00
   -2.80000e+00
   -3.00000e+00
   -3.00000e+00
   -2.80000e+00
   -2.50000e+00
   -2.20000e+00
   -2.20000e+00
   -2.20000e+00
   -2.60000e+00
   -3.40000e+00
   -4.10000e+00
   -4.60000e+00
   -4.60000e+00
   -4.60000e+00
   -4.70000e+00
   -4.80000e+00
   -5.10000e+00
   -5.10000e+00
   -4.60000e+00
   -4.10000e+00
   -3.60000e+00
   -3.70000e+00
   -4.10000e+00
   -4.80000e+00
   -5.50000e+00
   -5.80000e+00
   -6.20000e+00
   -6.20000e+00
   -6.20000e+00
   -6.10000e+00
   -5.90000e+00
   -5.80000e+00
   -5.70000e+00
   -5.60000e+00
   -1.50000e+00
   -1.50000e+00
   -1.50000e+00
   -1.50000e+00
   -1.50000e+00
   -1.70000e+00
   -2.10000e+00
   -2.30000e+00
   -2.40000e+00
   -2.50000e+00
   -2.50000e+00
   -2.30000e+00
   -2.30000e+00
   -2.80000e+00
   -3.30000e+00
   -3.90000e+00
   -4.50000e+00
   -5.00000e+00
   -5.50000e+00
   -5.90000e+00
   -5.30000e+00
   -4.20000e+00
   -3.10000e+00
   -2.60000e+00
   -2.70000e+00
   -3.10000e+00
   -3.50000e+00
   -3.90000e+00
   -4.10000e+00
   -4.40000e+00
   -4.70000e+00
   -5.10000e+00
   -5.30000e+00
   -5.50000e+00
   -5.70000e+00
   -5.80000e+00
   -2.20000e+00
   -2.30000e+00
   -2.40000e+00
   -2.60000e+00
   -2.50000e+00
   -2.30000e+00
   -1.20000e+00
   -1.30000e+00
   -1.40000e+00
   -1.60000e+00
   -1.80000e+00
   -2.40000e+00
   -3.00000e+00
   -3.60000e+00
   -4.10000e+00
   -4.50000e+00
   -4.80000e+00
   -5.00000e+00
   -5.00000e+00
   -4.80000e+00
   -4.60000e+00
   -4.50000e+00
   -4.50000e+00
   -4.60000e+00
   -4.50000e+00
   -4.10000e+00
   -3.00000e+00
   -2.40000e+00
   -2.80000e+00
   -3.40000e+00
   -4.00000e+00
   -4.60000e+00
   -5.10000e+00
   -5.60000e+00
   -5.90000e+00
   -6.00000e+00
   -1.30000e+00
   -1.30000e+00
   -1.40000e+00
   -1.60000e+00
   -1.70000e+00
   -1.80000e+00
   -2.00000e+00
   -2.10000e+00
   -2.20000e+00
   -2.40000e+00
   -2.80000e+00
   -3.50000e+00
   -3.90000e+00
   -4.20000e+00
   -4.50000e+00
   -4.70000e+00
   -5.00000e+00
   -5.20000e+00
   -5.40000e+00
   -5.70000e+00
   -5.80000e+00
   -5.80000e+00
   -5.20000e+00
   -4.00000e+00
   -3.10000e+00
   -3.00000e+00
   -3.20000e+00
   -3.40000e+00
   -3.70000e+00
   -3.90000e+00
   -4.20000e+00
   -4.50000e+00
   -4.80000e+00
   -5.00000e+00
   -5.30000e+00
   -5.60000e+00
   -1.50000e+00
   -1.80000e+00
   -1.80000e+00
   -1.90000e+00
   -2.00000e+00
   -2.10000e+00
   -2.30000e+00
   -2.70000e+00
   -3.10000e+00
   -3.30000e+00
   -3.60000e+00
   -3.90000e+00
   -4.20000e+00
   -4.30000e+00
   -2.30000e+00
   -2.20000e+00
   -2.70000e+00
   -3.20000e+00
   -3.60000e+00
   -4.00000e+00
   -4.50000e+00
   -4.90000e+00
   -5.40000e+00
   -5.80000e+00
   -6.10000e+00
   -5.80000e+00
   -5.20000e+00
   -4.80000e+00
   -4.50000e+00
   -4.20000e+00
   -3.90000e+00
   -3.70000e+00
   -3.70000e+00
   -4.00000e+00
   -4.50000e+00
   -5.00000e+00
   -1.30000e+00
   -1.50000e+00
   -1.90000e+00
   -2.40000e+00
   -2.70000e+00
   -2.90000e+00
   -2.90000e+00
   -3.30000e+00
   -3.30000e+00
   -3.50000e+00
   -3.60000e+00
   -3.70000e+00
   -3.90000e+00
   -3.90000e+00
   -4.00000e+00
   -3.90000e+00
   -3.70000e+00
   -2.30000e+00
   -2.00000e+00
   -2.00000e+00
   -2.00000e+00
   -2.20000e+00
   -2.40000e+00
   -2.50000e+00
   -2.70000e+00
   -3.00000e+00
   -3.20000e+00
   -3.50000e+00
   -3.80000e+00
   -4.00000e+00
   -4.10000e+00
   -4.30000e+00
   -4.50000e+00
   -4.60000e+00
   -4.90000e+00
   -5.00000e+00
   -2.80000e+00
   -3.00000e+00
   -3.10000e+00
   -2.80000e+00
   -2.50000e+00
   -2.00000e+00
   -1.80000e+00
   -1.90000e+00
   -2.10000e+00
   -2.20000e+00
   -2.40000e+00
   -2.90000e+00
   -3.30000e+00
   -3.70000e+00
   -3.80000e+00
   -3.90000e+00
   -4.10000e+00
   -4.00000e+00
   -4.10000e+00
   -4.00000e+00
   -4.10000e+00
   -4.10000e+00
   -4.10000e+00
   -4.20000e+00
   -4.30000e+00
   -4.30000e+00
   -4.30000e+00
   -4.20000e+00
   -4.00000e+00
   -3.60000e+00
   -3.20000e+00
   -3.00000e+00
   -2.90000e+00
   -3.20000e+00
   -3.40000e+00
   -3.70000e+00
   -1.80000e+00
   -2.10000e+00
   -2.50000e+00
   -2.80000e+00
   -2.90000e+00
   -2.90000e+00
   -2.90000e+00
   -2.90000e+00
   -2.80000e+00
   -2.70000e+00
   -2.50000e+00
   -2.40000e+00
   -2.20000e+00
   -2.20000e+00
   -2.20000e+00
   -2.20000e+00
   -2.20000e+00
   -2.50000e+00
   -2.90000e+00
   -3.30000e+00
   -3.60000e+00
   -3.90000e+00
   -4.10000e+00
   -4.30000e+00
   -4.40000e+00
   -4.50000e+00
   -4.60000e+00
   -4.70000e+00
   -4.90000e+00
   -4.90000e+00
   -4.90000e+00
   -4.90000e+00
   -4.60000e+00
   -4.40000e+00
   -4.10000e+00
   -3.80000e+00
   -2.40000e+00
   -1.50000e+00
   -1.40000e+00
   -1.40000e+00
   -1.50000e+00
   -1.40000e+00
   -1.30000e+00
   -1.50000e+00
   -1.60000e+00
   -1.80000e+00
   -2.20000e+00
   -2.50000e+00
   -2.80000e+00
   -2.90000e+00
   -3.10000e+00
   -3.30000e+00
   -3.40000e+00
   -3.60000e+00
   -3.70000e+00
   -3.90000e+00
   -4.10000e+00
   -4.20000e+00
   -4.50000e+00
   -4.50000e+00
   -4.80000e+00
   -5.00000e+00
   -5.00000e+00
   -5.30000e+00
   -5.30000e+00
   -5.40000e+00
   -5.30000e+00
   -5.30000e+00
   -5.10000e+00
   -5.00000e+00
   -4.30000e+00
   -3.70000e+00
   -2.50000e+00
   -2.50000e+00
   -2.50000e+00
   -2.50000e+00
   -1.60000e+00
   -1.60000e+00
   -1.90000e+00
   -2.10000e+00
   -2.20000e+00
   -2.30000e+00
   -2.40000e+00
   -2.50000e+00
   -2.50000e+00
   -2.20000e+00
   -2.10000e+00
   -2.30000e+00
   -2.40000e+00
   -2.70000e+00
   -3.00000e+00
   -3.30000e+00
   -3.70000e+00
   -3.90000e+00
   -4.20000e+00
   -4.50000e+00
   -4.60000e+00
   -4.80000e+00
   -4.90000e+00
   -5.00000e+00
   -5.20000e+00
   -5.20000e+00
   -5.30000e+00
   -5.30000e+00
   -5.20000e+00
   -5.00000e+00
   -4.90000e+00
   -4.70000e+00
   -1.10000e+00
   -1.30000e+00
   -1.40000e+00
   -1.60000e+00
   -1.80000e+00
   -2.40000e+00
   -2.70000e+00
   -3.10000e+00
   -3.20000e+00
   -3.50000e+00
   -3.90000e+00
   -4.20000e+00
   -4.20000e+00
   -4.30000e+00
   -4.20000e+00
   -4.30000e+00
   -4.30000e+00
   -4.00000e+00
   -3.70000e+00
   -3.30000e+00
   -2.80000e+00
   -2.40000e+00
   -2.40000e+00
   -2.40000e+00
   -2.50000e+00
   -2.50000e+00
   -2.80000e+00
   -2.80000e+00
   -2.80000e+00
   -3.40000e+00
   -3.80000e+00
   -4.10000e+00
   -4.50000e+00
   -4.70000e+00
   -4.80000e+00
   -4.90000e+00
   -1.70000e+00
   -1.70000e+00
   -1.50000e+00
   -1.60000e+00
   -1.60000e+00
   -1.70000e+00
   -2.30000e+00
   -2.80000e+00
   -3.10000e+00
   -3.30000e+00
   -3.50000e+00
   -3.70000e+00
   -3.70000e+00
   -3.70000e+00
   -3.90000e+00
   -3.70000e+00
   -3.60000e+00
   -3.70000e+00
   -3.60000e+00
   -3.60000e+00
   -3.70000e+00
   -3.80000e+00
   -3.70000e+00
   -3.60000e+00
   -3.30000e+00
   -3.20000e+00
   -3.00000e+00
   -3.00000e+00
   -2.90000e+00
   -2.80000e+00
   -2.80000e+00
   -3.00000e+00
   -3.40000e+00
   -3.60000e+00
   -3.90000e+00
   -4.30000e+00
   -1.80000e+00
   -1.80000e+00
   -1.70000e+00
   -1.70000e+00
   -1.70000e+00
   -1.80000e+00
   -1.80000e+00
   -1.80000e+00
   -2.00000e+00
   -2.50000e+00
   -2.90000e+00
   -3.20000e+00
   -3.40000e+00
   -3.80000e+00
   -3.80000e+00
   -3.90000e+00
   -4.00000e+00
   -4.00000e+00
   -4.00000e+00
   -4.00000e+00
   -3.90000e+00
   -3.90000e+00
   -3.70000e+00
   -3.30000e+00
   -3.10000e+00
   -2.80000e+00
   -2.60000e+00
   -2.50000e+00
   -2.60000e+00
   -2.60000e+00
   -2.70000e+00
   -2.90000e+00
   -2.90000e+00
   -3.00000e+00
   -3.10000e+00
   -3.20000e+00
   -1.20000e+00
   -1.50000e+00
   -1.60000e+00
   -1.40000e+00
   -1.30000e+00
   -1.40000e+00
   -1.50000e+00
   -1.60000e+00
   -1.90000e+00
   -2.10000e+00
   -2.20000e+00
   -2.30000e+00
   -2.50000e+00
   -2.60000e+00
   -2.60000e+00
   -2.60000e+00
   -3.00000e+00
   -3.40000e+00
   -3.70000e+00
   -3.90000e+00
   -4.20000e+00
   -4.40000e+00
   -4.60000e+00
   -4.50000e+00
   -4.70000e+00
   -4.60000e+00
   -4.60000e+00
   -4.60000e+00
   -4.50000e+00
   -4.50000e+00
   -4.40000e+00
   -4.20000e+00
   -3.80000e+00
   -3.40000e+00
   -3.20000e+00
   -3.10000e+00
   -1.57000e+00
   -1.69000e+00
   -1.78000e+00
   -1.78000e+00
   -1.85000e+00
   -2.07000e+00
   -2.37000e+00
   -2.64000e+00
   -2.85000e+00
   -3.03000e+00
   -3.18000e+00
   -3.35000e+00
   -3.48000e+00
   -3.57000e+00
   -3.68000e+00
   -3.76000e+00
   -3.76000e+00
   -3.62000e+00
   -3.18000e+00
   -2.69000e+00
   -2.56000e+00
   -2.56000e+00
   -2.54000e+00
   -2.55000e+00
   -2.61000e+00
   -2.75000e+00
   -2.98000e+00
   -3.19000e+00
   -3.32000e+00
   -3.44000e+00
   -3.53000e+00
   -3.61000e+00
   -3.66000e+00
   -3.73000e+00
   -3.79000e+00
   -3.80000e+00
   -1.29000e+00
   -1.34000e+00
   -1.47000e+00
   -1.54000e+00
   -1.58000e+00
   -1.68000e+00
   -1.82000e+00
   -1.96000e+00
   -2.25000e+00
   -2.86000e+00
   -3.19000e+00
   -3.44000e+00
   -3.64000e+00
   -3.81000e+00
   -3.89000e+00
   -3.91000e+00
   -3.88000e+00
   -3.82000e+00
   -3.70000e+00
   -3.57000e+00
   -3.40000e+00
   -3.14000e+00
   -2.85000e+00
   -2.62000e+00
   -2.53000e+00
   -2.50000e+00
   -2.55000e+00
   -2.67000e+00
   -2.82000e+00
   -2.90000e+00
   -3.03000e+00
   -3.24000e+00
   -3.42000e+00
   -3.69000e+00
   -3.96000e+00
   -4.22000e+00
   -1.51000e+00
   -1.58000e+00
   -1.58000e+00
   -1.62000e+00
   -1.83000e+00
   -2.03000e+00
   -2.28000e+00
   -2.48000e+00
   -2.51000e+00
   -2.53000e+00
   -2.64000e+00
   -3.01000e+00
   -3.28000e+00
   -3.54000e+00
   -3.73000e+00
   -3.87000e+00
   -3.89000e+00
   -3.87000e+00
   -3.90000e+00
   -3.80000e+00
   -3.71000e+00
   -3.71000e+00
   -3.59000e+00
   -3.55000e+00
   -3.56000e+00
   -3.47000e+00
   -3.34000e+00
   -3.18000e+00
   -3.14000e+00
   -3.20000e+00
   -3.36000e+00
   -3.57000e+00
   -3.83000e+00
   -4.03000e+00
   -4.21000e+00
   -4.48000e+00
   -1.55000e+00
   -1.38000e+00
   -1.36000e+00
   -1.37000e+00
   -1.48000e+00
   -1.60000e+00
   -1.73000e+00
   -1.82000e+00
   -1.80000e+00
   -1.88000e+00
   -2.04000e+00
   -2.27000e+00
   -2.49000e+00
   -2.81000e+00
   -3.11000e+00
   -3.39000e+00
   -3.65000e+00
   -3.85000e+00
   -4.04000e+00
   -4.19000e+00
   -4.32000e+00
   -4.40000e+00
   -4.52000e+00
   -4.55000e+00
   -4.58000e+00
   -4.56000e+00
   -4.48000e+00
   -4.36000e+00
   -4.19000e+00
   -4.01000e+00
   -3.81000e+00
   -3.65000e+00
   -3.48000e+00
   -3.45000e+00
   -3.48000e+00
   -3.57000e+00
   -1.07000e+00
   -1.21000e+00
   -1.43000e+00
   -1.67000e+00
   -2.03000e+00
   -2.43000e+00
   -2.77000e+00
   -2.98000e+00
   -3.14000e+00
   -3.20000e+00
   -3.22000e+00
   -3.27000e+00
   -3.27000e+00
   -3.22000e+00
   -3.13000e+00
   -3.08000e+00
   -3.05000e+00
   -2.99000e+00
   -2.97000e+00
   -2.84000e+00
   -2.64000e+00
   -2.51000e+00
   -2.58000e+00
   -2.73000e+00
   -3.00000e+00
   -3.31000e+00
   -3.59000e+00
   -3.85000e+00
   -4.04000e+00
   -4.25000e+00
   -4.43000e+00
   -4.51000e+00
   -4.54000e+00
   -4.62000e+00
   -4.68000e+00
   -4.71000e+00
