    0.00000e+00
    2.00000e+01
    4.00000e+01
    6.00000e+01
    8.00000e+01
    1.00000e+02
    1.20000e+02
    1.40000e+02
    1.60000e+02
    1.80000e+02
    2.00000e+02
    2.20000e+02
    2.40000e+02
    2.60000e+02
    2.80000e+02
    3.00000e+02
    3.20000e+02
    3.40000e+02
    3.60000e+02
    3.80000e+02
    4.00000e+02
    4.20000e+02
    4.40000e+02
    4.60000e+02
    4.80000e+02
    5.00000e+02
    5.20000e+02
    5.40000e+02
    5.60000e+02
    5.80000e+02
    6.00000e+02
    6.20000e+02
    6.40000e+02
    6.60000e+02
    6.80000e+02
    7.00000e+02
