    1.96500e+03
    1.96600e+03
    1.96700e+03
    1.96800e+03
    1.96900e+03
    1.97000e+03
    1.97100e+03
    1.97200e+03
    1.97300e+03
    1.97400e+03
    1.97500e+03
    1.97600e+03
    1.97700e+03
    1.97800e+03
    1.97900e+03
    1.98000e+03
    1.98100e+03
    1.98200e+03
    1.98300e+03
    1.98400e+03
    1.98500e+03
    1.98600e+03
    1.98700e+03
    1.98800e+03
    1.98900e+03
    1.99000e+03
    1.99100e+03
    1.99200e+03
    1.99300e+03
    1.99400e+03
    1.99500e+03
    1.99600e+03
    1.99700e+03
    1.99800e+03
